1361
02018
08279
01299
02300
02020
01045
00522
00161
03383
01288
00753
00538
00241
01060
02600
00347
00914
00995
00073
02357
02009
02588
02388
01211
00285
03988
01963
03328
00416
06196
01121
00694
00392
00371
00579
00588
01599
01880
00963
03998
00434
01768
00933
01114
00159
01224
00043
00699
01816
03899
00267
01205
06030
00001
01038
00002
00883
02866
01138
01919
01199
01786
01766
00497
01093
00317
01363
00341
00293
02778
00951
011131
00031
00606
01848
00633
00940
03983
00998
01259
01359
01898
01800
00552
00586
00939
03818
00670
06818
00257
00165
03333
00506
06881
00384
00904
00658
01378
02956
06863
01886
01900
03908
02039
01027
00817
0931
02128
02628
01234
00916
01371
01829
01317
02319
03968
00144
00340
01988
00941
01117
03993
03323
08071
00603
02883
00581
00688
02669
02601
00386
01345
02133
02380
00735
00866
01186
00390
03969
00769
01508
00291
01313
01193
01109
00836
00691
01088
00750
00139
01668
01055
03311
00956
00966
00728
00308
00762
02202
00855
01866
01068
01728
01333
02918
03188
00354
00127
08089
01111
08207
03618
00116
01929
00400
01778
02342
01681
02369
02298
02007
02356
00440
02880
00210
00991
01163
00861
01072
00489
00895
02973
02688
00838
00717
00887
00330
00708
02038
01777
03360
00142
00227
00038
00656
01448
03800
01776
00493
00027
00175
00678
00709
00805
00787
00393
03308
00801
01086
00041
02333
03900
00270
00525
02238
00874
02777
00053
01456
02280
00190
00480
06823
00005
01169
00665
06837
00010
00101
00011
02828
01133
03118
01112
00097
00012
00136
01044
03389
00818
01393
00921
00007
00044
00388
00737
00054
00754
00336
01071
00902
00958
06886
03698
00215
00014
00799
01970
01029
01398
01833
00177
00358
00179
00173
01813
00683
00148
01888
00268
03888
00034
00439
00135
00973
02314
03396
00992
01089
00494
02331
00980
01212
00823
00194
03380
03339
00590
02282
01555
01208
00066
00323
01999
00848
00273
01357
00200
01618
01200
00425
00276
01194
00659
03918
00553
01868
00985
01336
00825
00017
01316
02689
00433
00316
00398
00327
00008
02328
02343
01382
00686
03368
00857
02318
0635
03636
00119
00208
00589
01658
03813
00006
01913
00555
02010
00575
01387
01098
01308
00880
00983
00410
02840
00178
00531
01910
01928
00981
00568
01066
01103
02727
02196
01385
00363
02607
00069
02066
00548
00152
00604
00813
00697
00639
00272
00242
01165
00107
00886
00171
00716
01177
00083
00702
03377
00623
00297
01033
00338
01099
01297
00598
00368
03808
00751
00967
01878
01700
02888
01836
06808
00086
00016
01918
00435
02382
00019
00087
01136
01070
00903
00206
03823
00669
00511
00700
02678
00321
00023
00003
00045
01339
00004
00826
00882
03382
00819
01115
00322
00698
01083
02800
00536
00062
00696
00891
00732
00168
00690
00220
00467
00082
00806
00345
08032
00303
02827
00288
00151
03393
02338
02698
02233
00020
01661
01369
01128
00520
03378
01148
01899
02208
00868
01171
02393
00551
00123
01052
00763
01818
00576
01057
01220
00881
01458
03898
02899
01157
01097
02823
02801
