880511
880532
880538
880539
880543
880562
880565
880576
880801
880802
880803
880804
880805
880806
880807
880808
880809
880810
880811
880812
880813
880821
880823
880824
880826
880827
880829
880833
880834
880835
880836
880837
880842
880843
880844
880845
880846
880847
880848
880849
880850
880851
880852
880853
880854
880856
880857
880858
880859
880860
880861
880863
880864
880865
880866
880867
880868
880869
880870
880871
880872
880873
880874
880875
880876
880877
880878
880879
880880
880881
880882
880883
880884
880885
880886
880887
880889
880890
880891
880892
880893
880895
880896
880897
880894

