000005
000007
000011
000014
000019
000022
000023
000025
000026
000029
000030
000032
000035
000037
000038
000042
000043
000045
000055
000056
000058
000065
000068
000070
000096
000099
000150
000151
000153
000155
000159
000301
000404
000407
000411
000416
000417
000419
000420
000421
000429
000430
000498
000501
000505
000506
000507
000510
000514
000520
000521
000523
000524
000529
000530
000531
000532
000533
000534
000536
000543
000544
000545
000546
000548
000550
000551
000552
000554
000557
000558
000560
000561
000565
000567
000571
000572
000573
000576
000582
000584
000586
000589
000590
000593
000597
000599
000601
000603
000605
000606
000607
000608
000609
000610
000613
000616
000619
000620
000626
000628
000631
000632
000635
000637
000638
000639
000650
000652
000657
000662
000663
000665
000669
000672
000673
000676
000677
000678
000679
000680
000682
000683
000688
000692
000695
000698
000700
000701
000702
000705
000708
000711
000713
000716
000719
000721
000722
000723
000726
000731
000733
000735
000736
000739
000752
000753
000756
000757
000759
000760
000761
000767
000777
000779
000782
000785
000789
000790
000791
000795
000796
000797
000799
000801
000802
000811
000812
000813
000815
000818
000819
000820
000821
000822
000823
000828
000829
000833
000835
000836
000837
000838
000850
000851
000852
000856
000859
000861
000862
000863
000868
000881
000885
000886
000888
000889
000890
000897
000899
000900
000903
000905
000906
000908
000909
000911
000913
000915
000918
000919
000920
000923
000925
000927
000928
000929
000931
000936
000948
000949
000951
000952
000955
000957
000958
000965
000966
000967
000968
000971
000973
000976
000978
000985
000990
000993
000996
001696
001896
002003
002005
002006
002009
002012
002014
002015
002016
002017
002020
002021
002026
002028
002029
002031
002033
002034
002037
002039
002040
002041
002042
002045
002046
002053
002054
002057
002058
002059
002060
002062
002063
002064
002066
002068
002071
002076
002077
002079
002082
002083
002084
002086
002087
002088
002090
002093
002094
002097
002098
002099
002100
002101
002103
002106
002107
002109
002111
002112
002113
002114
002115
002116
002117
002119
002124
002125
002126
002130
002132
002133
002135
002136
002137
002139
002140
002141
002144
002147
002148
002149
002154
002158
002159
002160
002161
002162
002163
002164
002165
002166
002167
002169
002170
002171
002172
002173
002177
002178
002182
002184
002186
002187
002189
002192
002193
002196
002197
002198
002199
002200
002201
002204
002205
002206
002208
002210
002211
002213
002214
002215
002216
002218
002219
002220
002222
002224
002225
002226
002227
002228
002229
002231
002232
002234
002235
002238
002239
002240
002243
002246
002247
002253
002254
002255
002256
002258
002259
002264
002265
002267
002269
002270
002272
002274
002275
002277
002278
002279
002282
002283
002284
002286
002287
002290
002291
002293
002295
002296
002297
002298
002300
002301
002305
002309
002313
002314
002315
002316
002317
002318
002319
002321
002322
002324
002325
002326
002327
002328
002329
002331
002332
002333
002334
002335
002336
002337
002338
002339
002344
002345
002346
002347
002348
002349
002350
002351
002355
002356
002357
002360
002361
002362
002363
002364
002365
002367
002369
002370
002374
002375
002376
002377
002378
002380
002381
002382
002386
002387
002388
002391
002392
002393
002394
002397
002398
002401
002402
002403
002404
002406
002409
002412
002413
002414
002416
002417
002418
002423
002425
002432
002433
002435
002438
002441
002442
002443
002446
002447
002448
002449
002451
002452
002453
002454
002455
002457
002458
002459
002461
002462
002463
002464
002467
002469
002471
002472
002474
002476
002478
002480
002481
002483
002484
002485
002486
002488
002492
002494
002495
002498
002499
002502
002507
002510
002511
002513
002514
002515
002516
002518
002519
002520
002521
002523
002524
002526
002527
002528
002529
002530
002531
002532
002533
002534
002535
002536
002537
002538
002539
002540
002541
002543
002545
002546
002548
002549
002550
002551
002553
002554
002556
002557
002559
002560
002561
002562
002564
002565
002566
002567
002568
002569
002574
002575
002576
002577
002578
002579
002580
002582
002584
002585
002586
002587
002588
002590
002592
002598
002599
002605
002606
002607
002609
002611
002612
002613
002614
002615
002616
002617
002618
002620
002621
002623
002627
002628
002629
002630
002631
002632
002634
002637
002639
002641
002644
002645
002646
002649
002650
002651
002652
002653
002654
002655
002656
002658
002659
002660
002661
002662
002666
002669
002671
002672
002676
002677
002678
002679
002680
002682
002683
002684
002685
002686
002687
002688
002689
002691
002692
002693
002694
002695
002696
002697
002698
002702
002703
002705
002706
002712
002713
002717
002718
002719
002721
002722
002723
002724
002726
002727
002728
002729
002730
002732
002733
002734
002737
002738
002740
002741
002742
002743
002746
002747
002748
002749
002750
002751
002752
002753
002756
002757
002758
002759
002760
002761
002762
002763
002765
002766
002767
002768
002769
002770
002771
002772
002774
002775
002776
002777
002781
002782
002783
002785
002786
002787
002788
002789
002790
002791
002792
002793
002795
002796
002798
002799
002801
002802
002803
002805
002806
002809
002810
002811
002813
002815
002816
002817
002818
002819
002820
002822
002823
002824
002826
002827
002828
002829
002830
002832
002833
002836
002837
002840
002842
002843
002845
002846
002847
002850
002851
002852
002853
002856
002859
002861
002863
002864
002865
002866
002867
002869
002870
002872
002875
002876
002877
002878
002879
002880
002881
002883
002885
002887
002893
002895
002897
002900
002901
002902
002903
002905
002906
002907
002908
002910
002912
002913
002915
002917
002918
002919
002921
002922
300004
300005
300006
300007
300008
300011
300013
300016
300018
300019
300021
300022
300023
300025
300030
300031
300034
300035
300037
300039
300040
300041
300042
300043
300044
300045
300046
300047
300048
300049
300050
300051
300052
300057
300061
300063
300064
300065
300066
300067
300069
300071
300074
300079
300080
300081
300082
300084
300086
300087
300089
300091
300093
300094
300095
300096
300097
300099
300100
300102
300103
300107
300108
300109
300110
300111
300112
300114
300119
300120
300121
300123
300127
300128
300129
300130
300131
300132
300135
300137
300138
300139
300140
300141
300143
300147
300148
300149
300150
300151
300152
300153
300155
300157
300158
300160
300161
300162
300163
300164
300165
300167
300171
300172
300173
300174
300175
300176
300177
300178
300179
300180
300181
300184
300185
300187
300190
300192
300193
300194
300195
300196
300198
300201
300202
300204
300205
300206
300209
300213
300214
300215
300217
300219
300220
300221
300223
300224
300225
300226
300227
300228
300229
300230
300231
300232
300233
300234
300235
300236
300237
300238
300239
300240
300241
300242
300243
300245
300246
300247
300248
300249
300250
300252
300254
300255
300256
300258
300259
300261
300262
300263
300264
300268
300270
300276
300277
300278
300279
300280
300281
300282
300284
300288
300289
300290
300292
300293
300295
300298
300299
300300
300301
300302
300303
300304
300306
300307
300309
300312
300314
300318
300319
300320
300322
300325
300326
300327
300328
300331
300332
300333
300334
300335
300336
300337
300338
300339
300340
300341
300342
300343
300344
300345
300346
300348
300349
300350
300351
300353
300356
300357
300358
300359
300360
300362
300363
300365
300366
300369
300370
300374
300375
300378
300379
300380
300381
300382
300384
300385
300386
300388
300389
300390
300393
300394
300395
300396
300398
300399
300400
300401
300403
300404
300406
300407
300410
300411
300412
300414
300415
300416
300419
300420
300422
300423
300424
300425
300426
300427
300428
300429
300430
300432
300434
300435
300436
300437
300438
300439
300440
300441
300443
300444
300446
300447
300448
300449
300451
300452
300455
300456
300457
300461
300462
300463
300465
300466
300467
300468
300469
300470
300471
300473
300475
300477
300478
300479
300480
300481
300482
300483
300484
300485
300486
300487
300490
300491
300492
300493
300494
300495
300497
300500
300502
300503
300505
300506
300507
300508
300510
300511
300512
300513
300514
300516
300518
300519
300520
300522
300523
300525
300526
300527
300528
300529
300531
300532
300533
300534
300535
300536
300537
300541
300542
300543
300545
300546
300547
300548
300550
300554
300555
300556
300557
300559
300560
300561
300562
300565
300566
300567
300568
300569
300570
300571
300572
300575
300577
300579
300581
300582
300585
300590
300591
300595
300597
300604
300607
300609
300612
300613
300616
300619
300623
300625
300627
300629
300630
300633
300635
300638
300639
300641
300642
300643
300645
300647
300648
300649
300655
300657
300659
300660
300661
300662
300663
300667
300668
300671
300672
300675
300677
300678
300679
300682
300683
300684
300685
300688
300691
300692
300695
300696
300697
300698
300700
300701
300705
300706
300707
300708
300709
300711
300713
300715
300716
300718
300719
300721
300722
300723
300725
300726
300727
300730
300731
300732
300735
600006
600007
600012
600020
600033
600035
600051
600052
600054
600055
600057
600059
600063
600070
600075
600077
600078
600080
600081
600083
600088
600090
600095
600096
600097
600099
600101
600103
600105
600106
600107
600113
600114
600117
600119
600126
600127
600128
600129
600130
600131
600132
600133
600135
600136
600137
600139
600141
600148
600152
600159
600162
600163
600167
600168
600169
600173
600178
600180
600182
600184
600186
600189
600190
600191
600192
600195
600199
600203
600207
600211
600212
600213
600215
600217
600218
600220
600222
600223
600229
600232
600235
600237
600239
600242
600246
600248
600249
600250
600251
600257
600261
600262
600268
600273
600278
600279
600280
600283
600284
600285
600287
600288
600290
600292
600293
600295
600300
600303
600305
600306
600308
600310
600311
600313
600322
600326
600327
600328
600329
600333
600335
600336
600337
600345
600351
600353
600354
600355
600356
600358
600359
600360
600361
600363
600365
600367
600368
600371
600375
600378
600381
600382
600386
600387
600389
600396
600400
600405
600419
600420
600425
600429
600433
600439
600448
600449
600452
600456
600458
600459
600461
600462
600463
600467
600468
600469
600470
600475
600476
600479
600480
600481
600483
600488
600491
600493
600496
600501
600508
600509
600510
600512
600513
600517
600520
600523
600526
600527
600529
600530
600533
600543
600548
600551
600552
600555
600557
600558
600560
600563
600571
600575
600579
600580
600586
600587
600589
600590
600592
600593
600596
600599
600602
600603
600609
600611
600612
600613
600615
600616
600617
600618
600619
600620
600624
600626
600628
600629
600630
600636
600638
600640
600641
600644
600647
600650
600653
600657
600658
600661
600662
600665
600668
600675
600676
600677
600678
600679
600681
600683
600684
600686
600689
600691
600692
600693
600697
600698
600706
600708
600710
600713
600716
600719
600720
600721
600722
600723
600724
600726
600727
600730
600731
600734
600735
600736
600738
600742
600743
600744
600746
600748
600753
600756
600757
600758
600761
600764
600766
600769
600775
600776
600780
600781
600783
600784
600785
600789
600790
600791
600792
600794
600798
600805
600810
600812
600814
600818
600819
600822
600824
600825
600826
600828
600829
600830
600831
600833
600834
600838
600841
600843
600845
600846
600850
600851
600853
600854
600855
600858
600861
600864
600865
600866
600869
600876
600880
600882
600888
600889
600891
600892
600894
600897
600898
600917
600933
600939
600960
600961
600962
600963
600965
600966
600969
600973
600975
600976
600979
600980
600981
600982
600983
600984
600985
600986
600987
600990
600992
600995
600996
600997
601007
601008
601010
601015
601020
601028
601038
601086
601101
601107
601113
601126
601137
601177
601188
601199
601208
601218
601226
601339
601360
601366
601368
601369
601500
601515
601518
601566
601567
601579
601595
601599
601616
601677
601700
601717
601777
601789
601799
601811
601858
601882
601890
601900
601908
601918
601949
601965
601968
601969
601996
601999
603001
603002
603003
603005
603006
603007
603008
603009
603010
603011
603012
603015
603016
603017
603018
603020
603021
603025
603026
603027
603030
603035
603036
603042
603043
603050
603055
603058
603060
603066
603067
603069
603078
603081
603083
603085
603088
603096
603098
603100
603106
603108
603111
603113
603116
603117
603118
603123
603126
603127
603128
603131
603133
603138
603157
603158
603165
603166
603167
603168
603169
603177
603179
603180
603181
603183
603186
603189
603196
603197
603198
603199
603200
603203
603218
603222
603227
603228
603232
603233
603239
603269
603278
603283
603286
603289
603298
603299
603300
603303
603305
603306
603308
603309
603311
603313
603318
603319
603320
603322
603326
603328
603329
603333
603335
603336
603337
603338
603339
603345
603355
603357
603358
603359
603363
603365
603366
603367
603368
603377
603378
603380
603383
603385
603386
603387
603388
603393
603399
603416
603421
603456
603458
603466
603477
603496
603499
603505
603507
603508
603517
603518
603519
603520
603527
603528
603555
603557
603558
603559
603566
603567
603568
603569
603577
603578
603579
603585
603588
603595
603598
603599
603600
603601
603605
603606
603607
603608
603609
603611
603616
603618
603626
603628
603630
603636
603638
603639
603648
603655
603658
603660
603661
603667
603668
603669
603676
603678
603683
603686
603688
603689
603690
603696
603698
603699
603703
603707
603708
603711
603716
603717
603718
603722
603727
603728
603729
603730
603737
603738
603758
603767
603776
603777
603778
603779
603787
603788
603789
603797
603800
603801
603803
603806
603808
603813
603817
603818
603822
603823
603826
603828
603829
603838
603839
603843
603848
603855
603856
603859
603861
603866
603869
603877
603878
603879
603881
603882
603886
603887
603889
603890
603896
603898
603900
603901
603903
603912
603916
603917
603918
603919
603920
603926
603929
603933
603936
603937
603938
603939
603955
603958
603959
603966
603968
603969
603970
603977
603978
603979
603980
603985
603986
603987
603988
603989
603990
603996
603997
603998
603999